571276302
666892255
1547502540
1613887484
1844443103
1880093692
2149679872
3227548671
3237999103
3674390528
4027367391
4629385211
5821825056
6493307092
6501171464
7725649919
7780388863
7797211328
8320843583
8443084784
8824849455
9062856700
9127735412
9328132160
9390735343
9462349823
9661577213
10922688764
11274993680
11541687712
12062867699
12300896288
12414107393
13186093054
14478941567
14496432130
14692856752
15048117132
15354299343
15503393804
15571419328
18052334300
18187350269
18253468668
19597688819
20065601532
20132888625
21474835455
21743263807
21757951455
21810331135
22598874111
22813622079
23072014351
23086444031
23219945470
23354147010
23370629118
23454794508
24143458293
24972840951
25858932931
26238516687
26273112062
26642022335
27115244848
27661435552
27684241359
27808170035
28185854915
28201648967
28453646335
28592603144
28663090239
28664131592
29256835070
29783555279
29930520063
31184617471
31273288200
31944859645
